1,262,2
____________________________________________________________________________________________________________,1
yearly,1
class,1
no,1
s,1
d,1
actual,1
receipts,1
deficiency,1
________________________________________________________________,1
40/,1
2,5
48,2
0,27
nil,2
25/,1
1,1
15,5
20/,1
10,3
120,1
93,1
27,1
10/,1
22,1
132,1
88,1
5,3
43,1
7/6,1
3,4
13,1
8,3
12,1
6,8
4,1
17,3
5/3,1
9,2
5/1,1
5/,1
187,1
559,1
273,1
286,1
______________________________________________________,2
228,1
900,1
535,1
366,1
